2 268.247 0.263191 2.07338e-12  5.37237e-13 -1.27584e-12 -267.8 0.0613307 0.105337
4 2145.32 1.05276 -2.57738e-13  1.99821e-11 1.02793e-11 -2141.74 0.030651 0.136016
6 7239.71 2.36872 -7.72035e-13  3.1608e-10 9.0119e-12 -7227.64 0.0204245 0.146243
8 17159.9 4.21105 3.75755e-13  4.18617e-10 1.11564e-09 -17131.3 0.0153112 0.151356
10 33514.4 6.57977 -6.55587e-14  -1.67949e-09 1.38425e-09 -33458.6 0.0122433 0.154424
12 57911.7 9.47486 -1.04827e-12  3.77907e-09 -1.1492e-08 -57815.2 0.010198 0.156469
14 91960.4 12.8963 5.88262e-13  7.49445e-09 -4.06028e-08 -91807.1 0.00873704 0.15793
16 137269 16.8442 -1.51981e-12  1.47652e-09 -7.07953e-08 -137040 0.00764134 0.159026
18 195445 21.3184 6.55703e-12  3.57998e-08 -6.83763e-08 -195120 0.00678913 0.159878
20 268099 26.3191 -3.07981e-12  7.89429e-08 -6.64282e-08 -267652 0.00610736 0.16056
22 356838 31.8461 -5.33857e-12  4.38947e-08 -4.62852e-07 -356243 0.00554955 0.161118
24 463270 37.8995 1.07715e-12  2.87992e-07 1.07393e-07 -462498 0.00508471 0.161583
26 589005 44.4792 -1.06892e-12  -1.13622e-07 -6.83679e-07 -588023 0.00469138 0.161976
28 735651 51.5854 2.77116e-12  -1.04184e-07 9.64398e-07 -734425 0.00435424 0.162313
30 904815 59.2179 -1.24999e-11  -1.29161e-06 1.46751e-06 -903307 0.00406205 0.162605
32 1.09811e+06 67.3768 -2.97941e-12  2.41005e-07 -1.21144e-06 -1.09628e+06 0.00380639 0.162861
34 1.31714e+06 76.0621 -2.17085e-11  7.00358e-07 7.4311e-07 -1.31494e+06 0.00358081 0.163087
36 1.56351e+06 85.2738 -4.99889e-12  -4.5839e-07 -5.58078e-07 -1.5609e+06 0.00338029 0.163287
38 1.83884e+06 95.0118 -3.22486e-12  1.53342e-07 4.54032e-06 -1.83577e+06 0.00320088 0.163467
40 2.14473e+06 105.276 -4.95405e-12  -3.83096e-06 2.15418e-07 -2.14115e+06 0.00303942 0.163628
42 2.48278e+06 116.067 -1.83629e-11  -2.4412e-06 -3.6265e-06 -2.47865e+06 0.00289333 0.163774
44 2.85462e+06 127.384 -1.57846e-11  6.04515e-07 1.28978e-07 -2.84986e+06 0.00276052 0.163907
46 3.26185e+06 139.228 -1.72883e-11  -4.34435e-06 4.75475e-06 -3.25641e+06 0.00263925 0.164028
48 3.70607e+06 151.598 -6.41084e-12  3.90339e-06 -8.91539e-06 -3.69989e+06 0.0025281 0.164139
50 4.18889e+06 164.494 -7.16702e-12  -2.53562e-07 1.99762e-05 -4.18191e+06 0.00242583 0.164242
