2 268.346 0.421105 4.42341e-13  2.14419e-12 9.51184e-13 -267.631 0.0981016 0.168566
4 2145.71 1.68442 -8.20455e-14  -5.62606e-11 -6.18949e-11 -2139.99 0.0490142 0.217654
6 7240.59 3.78994 3.71883e-13  3.40122e-10 1.67931e-10 -7221.29 0.0326518 0.234016
8 17161.5 6.73768 6.06071e-13  -8.37987e-10 5.75077e-10 -17115.7 0.0244706 0.242197
10 33516.9 10.5276 6.2049e-13  -2.50314e-09 4.48107e-09 -33427.5 0.0195618 0.247106
12 57915.3 15.1598 -1.13376e-12  -2.60515e-09 -1.88485e-08 -57760.9 0.0162893 0.250378
14 91965.2 20.6341 1.32294e-12  1.58356e-08 8.76248e-09 -91719.9 0.0139518 0.252716
16 137275 26.9507 -2.6612e-13  -1.38511e-08 4.948e-08 -136909 0.0121987 0.254469
18 195453 34.1095 -1.03084e-12  5.01527e-08 6.65691e-08 -194932 0.0108352 0.255833
20 268109 42.1105 -4.97291e-12  -8.78292e-08 -2.92195e-07 -267394 0.00974436 0.256923
22 356849 50.9537 -8.87401e-13  -1.13368e-07 -7.20301e-08 -355898 0.00885186 0.257816
24 463284 60.6391 -1.31167e-12  1.2463e-07 2.83593e-07 -462049 0.00810811 0.25856
26 589021 71.1667 -7.18248e-12  5.30621e-08 5.44331e-07 -587451 0.00747879 0.259189
28 735670 82.5366 -4.57474e-12  -2.45246e-07 -1.16418e-06 -733708 0.00693937 0.259728
30 904837 94.7486 -8.29004e-13  -4.60647e-07 -4.34232e-07 -902424 0.00647187 0.260196
32 1.09813e+06 107.803 -4.90785e-12  -6.63597e-07 -3.80657e-06 -1.0952e+06 0.00606281 0.260605
34 1.31716e+06 121.699 1.43396e-11  -4.19222e-07 3.74641e-07 -1.31365e+06 0.00570188 0.260966
36 1.56354e+06 136.438 -7.64866e-12  1.5954e-06 2.0043e-06 -1.55937e+06 0.00538105 0.261287
38 1.83887e+06 152.019 -1.61358e-11  2.02658e-06 1.13154e-06 -1.83397e+06 0.00509399 0.261574
40 2.14476e+06 168.442 -1.15422e-11  3.72197e-06 2.37069e-07 -2.13905e+06 0.00483564 0.261832
42 2.48283e+06 185.707 -5.42466e-12  2.55256e-06 -5.20692e-07 -2.47621e+06 0.00460189 0.262066
44 2.85467e+06 203.815 1.41772e-11  6.3225e-06 -8.98387e-06 -2.84706e+06 0.0043894 0.262278
46 3.2619e+06 222.765 -3.67439e-12  -4.6026e-06 -1.00062e-05 -3.2532e+06 0.00419538 0.262472
48 3.70612e+06 242.556 -7.70939e-12  5.79627e-06 -1.32316e-05 -3.69624e+06 0.00401753 0.26265
50 4.18895e+06 263.191 -1.55956e-11  1.52647e-05 8.63668e-06 -4.17778e+06 0.0038539 0.262814
