2 268.477 0.631657 1.20154e-13  6.23723e-13 -1.60555e-12 -267.405 0.147097 0.252904
4 2146.24 2.52663 -5.44009e-15  1.09893e-11 -9.24905e-11 -2137.66 0.0734665 0.326535
6 7241.77 5.68491 9.80355e-13  -1.58511e-10 -8.88185e-11 -7212.82 0.0489228 0.351079
8 17163.6 10.1065 4.52582e-13  7.23273e-10 -1.7628e-09 -17094.9 0.036651 0.36335
10 33520.1 15.7914 -8.24063e-14  1.42511e-09 -6.58568e-09 -33386.1 0.0292879 0.370713
12 57920 22.7396 1.94511e-13  -9.15622e-10 -1.08897e-09 -57688.3 0.0243792 0.375622
14 91971.5 30.9512 -2.23377e-13  6.23694e-09 2.74499e-09 -91603.7 0.0208729 0.379128
16 137283 40.426 -1.59928e-13  2.03629e-08 8.3892e-09 -136734 0.0182432 0.381758
18 195464 51.1642 5.6815e-13  -5.73769e-08 -1.08684e-07 -194682 0.0161979 0.383803
20 268122 63.1657 6.17839e-13  1.03067e-07 -1.14458e-07 -267049 0.0145617 0.38544
22 356865 76.4305 -7.81033e-12  -1.67157e-08 2.67118e-07 -355438 0.0132229 0.386778
24 463303 90.9586 2.82475e-13  -3.02569e-07 -2.87417e-08 -461450 0.0121073 0.387894
26 589043 106.75 3.97182e-13  -2.05859e-07 2.76404e-07 -586687 0.0111633 0.388838
28 735695 123.805 3.44014e-12  -7.043e-07 -5.46669e-07 -732752 0.0103542 0.389647
30 904866 142.123 -4.98657e-13  7.0018e-07 -5.59274e-07 -901247 0.00965296 0.390348
32 1.09817e+06 161.704 -6.15619e-14  1.10072e-06 1.73826e-06 -1.09377e+06 0.00903937 0.390962
34 1.3172e+06 182.549 2.29594e-13  -1.41177e-06 1.62659e-07 -1.31193e+06 0.00849797 0.391503
36 1.56358e+06 204.657 8.36942e-13  -6.43012e-07 -1.87736e-07 -1.55733e+06 0.00801673 0.391985
38 1.83892e+06 228.028 -1.33715e-12  2.43932e-06 -1.74836e-06 -1.83156e+06 0.00758614 0.392415
40 2.14481e+06 252.663 -7.00578e-13  -3.02304e-06 -4.83895e-07 -2.13624e+06 0.00719861 0.392803
42 2.48288e+06 278.561 -2.49079e-12  2.08887e-06 2.76738e-06 -2.47295e+06 0.00684799 0.393153
44 2.85473e+06 305.722 6.46816e-13  5.7609e-06 1.01364e-05 -2.84331e+06 0.00652925 0.393472
46 3.26196e+06 334.146 6.78516e-12  -1.46341e-06 3.21716e-06 -3.24892e+06 0.00623822 0.393763
48 3.70619e+06 363.834 5.32099e-12  4.90015e-06 -1.51227e-05 -3.69137e+06 0.00597144 0.39403
50 4.18903e+06 394.786 -2.13032e-11  -1.07247e-05 -8.80851e-06 -4.17227e+06 0.005726 0.394275
