2 267.515 0.54085 -4.63435e-13  2.2049e-13 -2.26597e-12 -265.662 0.211582 0.902904
4 2139.69 2.17036 5.75429e-13  -4.42992e-12 -8.34599e-12 -2115.38 0.231555 1.3651
6 7221.02 4.88481 1.26507e-12  -4.46696e-11 3.14194e-11 -7106.99 0.237771 1.81313
8 17116 8.68482 -7.781e-13  -4.9609e-10 1.61098e-11 -16769.9 0.240854 2.258
10 33429 13.5704 3.42004e-13  -1.79908e-09 8.04754e-09 -32605 0.242699 2.70163
12 57764.6 19.5416 -3.95639e-12  -4.12832e-09 -4.17801e-08 -56084.9 0.243927 3.14465
14 91727.2 26.5985 1.80628e-12  -1.4854e-08 4.43307e-10 -88653.7 0.244804 3.58731
16 136921 34.741 3.08307e-12  1.57224e-08 -1.23181e-07 -131727 0.245462 4.02975
18 194951 43.9692 -4.17e-13  4.44371e-09 -8.31826e-08 -186692 0.245973 4.47205
20 267422 54.283 -4.9466e-12  -2.0322e-08 -5.73584e-08 -254908 0.246382 4.91425
22 355938 65.6825 1.60039e-12  -1.83443e-08 -1.46903e-07 -337705 0.246717 5.35637
24 462102 78.1676 3.7865e-12  1.77988e-07 9.57542e-09 -436386 0.246996 5.79843
26 587521 91.7384 2.66084e-12  3.73269e-07 -1.0491e-06 -552223 0.247232 6.24045
28 733798 106.395 -2.00383e-12  1.16294e-07 7.70041e-07 -686461 0.247434 6.68244
30 902538 122.137 5.09731e-12  -3.66176e-08 2.22369e-06 -840319 0.24761 7.1244
32 1.09535e+06 138.965 2.45909e-12  8.85337e-07 1.64163e-06 -1.01498e+06 0.247763 7.56634
34 1.31382e+06 156.878 -9.54181e-13  -2.18387e-07 -2.7221e-06 -1.21161e+06 0.247898 8.00826
36 1.55958e+06 175.877 -3.72452e-12  1.26846e-06 3.74982e-06 -1.43134e+06 0.248019 8.45017
38 1.83422e+06 195.962 1.55633e-11  -3.24982e-07 -7.17683e-07 -1.67527e+06 0.248126 8.89206
40 2.13934e+06 217.133 9.70579e-12  2.28127e-06 3.84703e-06 -1.94448e+06 0.248223 9.33395
42 2.47655e+06 239.389 2.8556e-12  2.31569e-06 2.81822e-06 -2.24001e+06 0.248311 9.77582
44 2.84745e+06 262.73 -4.52682e-12  3.39358e-07 2.53769e-06 -2.56287e+06 0.248391 10.2177
46 3.25366e+06 287.158 2.20096e-12  6.93924e-06 2.10811e-05 -2.91407e+06 0.248463 10.6595
48 3.69676e+06 312.671 -5.54345e-12  2.562e-06 5.47949e-06 -3.29456e+06 0.24853 11.1014
50 4.17838e+06 339.27 -3.10556e-11  2.86691e-06 1.33045e-05 -3.70527e+06 0.248591 11.5432
