radius forcex forcey forcez torquex torquey torquez error1 error2
2 267.638 0.322602 -3.07393e-14  -8.2219e-14 6.30329e-13 -267.09 0.165999 0.370215
4 2140.29 1.29041 8.4216e-13  -8.39263e-12 2.10405e-11 -2135.91 0.203604 0.40782
6 7222.58 2.90342 6.05099e-13  -4.83268e-11 -3.09276e-10 -7207.8 0.216139 0.420355
8 17119.1 5.16163 3.83471e-13  -7.78742e-10 6.26027e-10 -17084.1 0.222407 0.426622
10 33434.5 8.06505 6.32466e-13  -1.36678e-09 -6.36447e-10 -33366.1 0.226167 0.430383
12 57773.4 11.6137 -1.68177e-12  2.54447e-09 3.88457e-09 -57655.2 0.228674 0.43289
14 91740.4 15.8075 -2.08965e-13  8.25442e-10 7.40231e-09 -91552.6 0.230465 0.43468
16 136940 20.6465 6.5583e-13  -1.23955e-08 3.12235e-08 -136660 0.231808 0.436024
18 194977 26.1308 -1.14064e-12  -1.08895e-08 -1.24742e-09 -194578 0.232853 0.437068
20 267456 32.2602 -1.76925e-12  2.68204e-08 -9.61947e-09 -266909 0.233688 0.437904
22 355982 39.0349 -1.09366e-12  -8.82902e-08 1.6638e-08 -355253 0.234372 0.438588
24 462158 46.4547 -1.40392e-12  -5.08444e-08 4.23164e-08 -461212 0.234942 0.439157
26 587591 54.5198 3.92275e-12  -6.69394e-08 -1.45463e-07 -586388 0.235424 0.439639
28 733884 63.23 5.77741e-12  -3.70747e-07 -1.02296e-07 -732381 0.235837 0.440053
30 902642 72.5855 -3.96905e-13  -2.35504e-07 4.26372e-07 -900794 0.236195 0.440411
32 1.09547e+06 82.5861 -2.09766e-12  -9.20297e-08 -1.98871e-08 -1.09323e+06 0.236509 0.440724
34 1.31397e+06 93.232 -4.35907e-12  -7.68837e-08 4.10048e-07 -1.31128e+06 0.236785 0.441001
36 1.55975e+06 104.523 -4.35418e-12  -6.56649e-07 -1.69082e-07 -1.55656e+06 0.237031 0.441246
38 1.83442e+06 116.459 -8.26472e-12  -1.06393e-07 2.22797e-07 -1.83066e+06 0.237251 0.441466
40 2.13957e+06 129.041 6.09601e-12  2.24438e-07 -1.39048e-06 -2.13519e+06 0.237449 0.441664
42 2.47681e+06 142.268 4.75137e-12  -2.47166e-06 5.05029e-08 -2.47174e+06 0.237628 0.441843
44 2.84776e+06 156.139 -4.97949e-13  7.21989e-07 3.00288e-06 -2.84193e+06 0.237791 0.442006
46 3.254e+06 170.657 9.28035e-13  -1.48516e-06 -8.74362e-07 -3.24734e+06 0.237939 0.442155
48 3.69715e+06 185.819 -4.23495e-13  -3.48158e-06 -5.06728e-06 -3.68958e+06 0.238075 0.442291
50 4.17881e+06 201.626 2.06382e-12  -9.66123e-08 2.82278e-06 -4.17026e+06 0.238201 0.442416
