2 268.054 0.567322 -1.64813e-13  9.85878e-14 -8.68028e-13 -267.917 0.010485 0.0618232
4 2142.17 2.27955 -4.78506e-14  1.54086e-11 3.01386e-11 -2149.49 0.115973 0.225003
6 7227.27 5.13125 -2.48884e-13  1.69438e-11 9.00047e-11 -7280.38 0.15138 0.582275
8 17128.3 9.12325 -4.6102e-13  -1.42307e-10 3.3084e-10 -17321.5 0.169098 0.957252
10 33450.1 14.2556 -5.32435e-13  -6.60874e-10 -1.57475e-09 -33959.1 0.179732 1.33932
12 57797.7 20.5283 -3.34066e-13  -1.82158e-09 -3.52944e-09 -58904.7 0.186821 1.72493
14 91775.9 27.9416 -1.19051e-12  -3.78536e-09 -3.02878e-09 -93894.9 0.191886 2.11256
16 136990 36.4954 1.09938e-12  -8.10001e-09 -1.94724e-09 -140692 0.195684 2.50146
18 195044 46.1895 -4.87252e-12  -9.68374e-09 4.66812e-09 -201083 0.198638 2.89121
20 267544 57.0242 5.30442e-12  8.88742e-09 -7.58661e-08 -276880 0.201002 3.28154
22 356094 68.9994 -8.49681e-13  3.44496e-08 5.78634e-08 -369921 0.202935 3.67231
24 462299 82.1151 3.57634e-12  -3.28598e-08 -3.15768e-08 -482070 0.204547 4.06339
26 587765 96.3712 7.78128e-13  -5.05234e-08 2.56344e-08 -615215 0.20591 4.45473
28 734095 111.768 -2.46936e-12  1.70085e-07 -3.62134e-08 -771269 0.207079 4.84626
30 902896 128.305 -6.05371e-12  1.57318e-07 -3.56247e-07 -952170 0.208092 5.23794
32 1.09577e+06 145.983 3.22237e-12  1.54946e-08 -6.98847e-07 -1.15988e+06 0.208978 5.62976
34 1.31433e+06 164.801 -6.18949e-13  9.27096e-08 -3.59434e-07 -1.3964e+06 0.20976 6.02167
36 1.56017e+06 184.759 2.95394e-12  2.71819e-07 6.63635e-07 -1.66373e+06 0.210456 6.41368
38 1.8349e+06 205.858 2.61957e-12  5.32299e-07 3.03372e-07 -1.96392e+06 0.211077 6.80575
40 2.14012e+06 228.098 8.53762e-13  2.29852e-07 6.23736e-07 -2.29903e+06 0.211637 7.19789
42 2.47745e+06 251.478 4.93466e-12  5.60456e-07 -1.38948e-07 -2.67115e+06 0.212144 7.59009
44 2.84847e+06 275.999 1.33188e-11  1.02761e-06 9.31249e-07 -3.0824e+06 0.212604 7.98232
46 3.25481e+06 301.66 5.65992e-13  -1.75096e-06 5.38972e-07 -3.53492e+06 0.213024 8.3746
48 3.69806e+06 328.461 -2.40856e-11  -9.48318e-08 -2.88018e-06 -4.03087e+06 0.21341 8.76692
50 4.17984e+06 356.403 2.79743e-12  1.72115e-06 5.65966e-06 -4.57245e+06 0.213764 9.15926
